#Note 1: The lat. lon. and depth are corresponding to the centroid location of each subfault
#Note 2: Asymetric cosine functions are used to approximate the slip rate functions
#Total number of fault_segments=     1
#Fault_segment=   1 nx(Along-strike)=  34 Dx= 20.00 km ny(downdip)=  12 Dy= 16.00 km
#+++Boundary of Fault_segment+++     1
#Lon.    Lat.    Depth
       93.3712         3.8409        2.9324
       91.5328         9.4898        2.9324
       92.9902         9.9625        48.4845
       94.8287         4.3137	     48.4845
       93.3712         3.8409        2.9324
#Lat. 	     Lon.      depth 	 slip     rake 	    strike	dip
    3.8409   93.3712   2.9324    0.9084   44.4122   342.00000	15.00000  
    4.0121   93.3155   2.9324    1.2829   73.8543   342.00000	15.00000  
    4.1833   93.2598   2.9324    1.9283   80.2018   342.00000	15.00000  
    4.3545   93.2041   2.9324    2.5501  101.0350   342.00000	15.00000  
    4.5257   93.1484   2.9324    3.4017  125.5387   342.00000	15.00000  
    4.6968   93.0927   2.9324    4.1098  123.9881   342.00000	15.00000  
    4.8680   93.0370   2.9324    3.9355   92.2231   342.00000	15.00000  
    5.0392   92.9813   2.9324    3.9641   51.8839   342.00000	15.00000  
    5.2104   92.9256   2.9324    4.2354   31.5859   342.00000	15.00000  
    5.3815   92.8698   2.9324    3.0811   40.2070   342.00000	15.00000  
    5.5527   92.8141   2.9324    2.2714   77.0132   342.00000	15.00000  
    5.7239   92.7584   2.9324    2.2542  109.0244   342.00000	15.00000  
    5.8951   92.7027   2.9324    2.4608  128.3384   342.00000	15.00000  
    6.0662   92.6470   2.9324    2.3040  128.2938   342.00000	15.00000  
    6.2374   92.5913   2.9324    1.4803  101.5223   342.00000	15.00000  
    6.4086   92.5356   2.9324    0.6643   98.5578   342.00000	15.00000  
    6.5798   92.4799   2.9324    0.0950   77.3745   342.00000	15.00000  
    6.7509   92.4242   2.9324    0.4266  133.3574   342.00000	15.00000  
    6.9221   92.3684   2.9324    1.4588  120.9619   342.00000	15.00000  
    7.0933   92.3127   2.9324    1.7312  120.6596   342.00000	15.00000  
    7.2645   92.2570   2.9324    1.5464  117.7279   342.00000	15.00000  
    7.4357   92.2013   2.9324    1.1890  139.1166   342.00000	15.00000  
    7.6068   92.1456   2.9324    0.9159  148.0990   342.00000	15.00000  
    7.7780   92.0899   2.9324    0.9822  108.4835   342.00000	15.00000  
    7.9492   92.0342   2.9324    1.1601   76.8016   342.00000	15.00000  
    8.1204   91.9785   2.9324    1.4426   55.7320   342.00000	15.00000  
    8.2915   91.9228   2.9324    1.2562   46.1095   342.00000	15.00000  
    8.4627   91.8670   2.9324    0.7259   30.9079   342.00000	15.00000  
    8.6339   91.8113   2.9324    0.0657  134.8395   342.00000	15.00000  
    8.8051   91.7556   2.9324    0.0319   97.3920   342.00000	15.00000  
    8.9762   91.6999   2.9324    0.0103   42.2806   342.00000	15.00000  
    9.1474   91.6442   2.9324    0.0991   31.3613   342.00000	15.00000  
    9.3186   91.5885   2.9324    0.1501   43.9080   342.00000	15.00000  
    9.4898   91.5328   2.9324    0.2011   37.8409   342.00000	15.00000  
    3.8839   93.5037   7.0735    0.0000   30.0000   342.00000	15.00000  
    4.0551   93.4480   7.0735    2.5401   89.6234   342.00000	15.00000  
    4.2263   93.3923   7.0735    3.8227   90.2565   342.00000	15.00000  
    4.3975   93.3366   7.0735    4.6772   89.3086   342.00000	15.00000  
    4.5686   93.2809   7.0735    5.6994  104.0339   342.00000	15.00000  
    4.7398   93.2252   7.0735    7.2985  112.0729   342.00000	15.00000  
    4.9110   93.1695   7.0735    7.1614   96.5548   342.00000	15.00000  
    5.0822   93.1138   7.0735    6.4783   71.0989   342.00000	15.00000  
    5.2533   93.0581   7.0735    6.0904   44.0857   342.00000	15.00000  
    5.4245   93.0023   7.0735    5.0077   35.6338   342.00000	15.00000  
    5.5957   92.9466   7.0735    2.9859   69.0995   342.00000	15.00000  
    5.7669   92.8909   7.0735    3.1551  117.6875   342.00000	15.00000  
    5.9380   92.8352   7.0735    3.7118  131.0941   342.00000	15.00000  
    6.1092   92.7795   7.0735    3.4907  126.0114   342.00000	15.00000  
    6.2804   92.7238   7.0735    2.4855  112.0580   342.00000	15.00000  
    6.4516   92.6681   7.0735    1.6961  100.3981   342.00000	15.00000  
    6.6227   92.6124   7.0735    0.9539  113.1938   342.00000	15.00000  
    6.7939   92.5567   7.0735    1.2992  129.4098   342.00000	15.00000  
    6.9651   92.5009   7.0735    2.4901  117.6519   342.00000	15.00000  
    7.1363   92.4452   7.0735    3.3308  115.6525   342.00000	15.00000  
    7.3075   92.3895   7.0735    3.2817  107.7061   342.00000	15.00000  
    7.4786   92.3338   7.0735    2.6891  117.0230   342.00000	15.00000  
    7.6498   92.2781   7.0735    2.1596  122.0843   342.00000	15.00000  
    7.8210   92.2224   7.0735    2.4973  101.5101   342.00000	15.00000  
    7.9922   92.1667   7.0735    2.6579   78.2462   342.00000	15.00000  
    8.1633   92.1110   7.0735    2.4824   61.1986   342.00000	15.00000  
    8.3345   92.0553   7.0735    1.6909   59.4332   342.00000	15.00000  
    8.5057   91.9995   7.0735    0.6695   47.1858   342.00000	15.00000  
    8.6769   91.9438   7.0735    0.1779   60.1006   342.00000	15.00000  
    8.8480   91.8881   7.0735    0.1137   75.7558   342.00000	15.00000  
    9.0192   91.8324   7.0735    0.2193  119.9321   342.00000	15.00000  
    9.1904   91.7767   7.0735    0.1892   71.7502   342.00000	15.00000  
    9.3616   91.7210   7.0735    0.3755   35.8480   342.00000	15.00000  
    9.5327   91.6653   7.0735    0.2061   70.5873   342.00000	15.00000  
    3.9269   93.6362  11.2146    0.0000   30.0000   342.00000	15.00000  
    4.0981   93.5805  11.2146    2.6174   95.8132   342.00000	15.00000  
    4.2693   93.5248  11.2146    5.2868   91.9643   342.00000	15.00000  
    4.4404   93.4691  11.2146    6.2767   96.2578   342.00000	15.00000  
    4.6116   93.4134  11.2146    7.6341  106.2051   342.00000	15.00000  
    4.7828   93.3577  11.2146    9.1236  110.0244   342.00000	15.00000  
    4.9540   93.3020  11.2146    8.9040  102.6257   342.00000	15.00000  
    5.1251   93.2463  11.2146    7.8237   89.2116   342.00000	15.00000  
    5.2963   93.1905  11.2146    7.0347   65.7743   342.00000	15.00000  
    5.4675   93.1348  11.2146    5.7910   50.8477   342.00000	15.00000  
    5.6387   93.0791  11.2146    3.6943   66.3519   342.00000	15.00000  
    5.8098   93.0234  11.2146    2.9267  118.2782   342.00000	15.00000  
    5.9810   92.9677  11.2146    3.4517  146.1562   342.00000	15.00000  
    6.1522   92.9120  11.2146    3.0923  142.5940   342.00000	15.00000  
    6.3234   92.8563  11.2146    2.2443  116.3932   342.00000	15.00000  
    6.4946   92.8006  11.2146    2.4152   96.9242   342.00000	15.00000  
    6.6657   92.7449  11.2146    2.4210   96.5300   342.00000	15.00000  
    6.8369   92.6891  11.2146    2.6146  107.9465   342.00000	15.00000  
    7.0081   92.6334  11.2146    3.6084  115.1820   342.00000	15.00000  
    7.1793   92.5777  11.2146    4.3465  105.7244   342.00000	15.00000  
    7.3504   92.5220  11.2146    4.5593  101.4097   342.00000	15.00000  
    7.5216   92.4663  11.2146    4.1437  104.5469   342.00000	15.00000  
    7.6928   92.4106  11.2146    3.7430  105.6098   342.00000	15.00000  
    7.8640   92.3549  11.2146    4.2786   93.7143   342.00000	15.00000  
    8.0351   92.2992  11.2146    4.6263   83.8148   342.00000	15.00000  
    8.2063   92.2435  11.2146    3.7072   76.6665   342.00000	15.00000  
    8.3775   92.1877  11.2146    2.1104   65.1134   342.00000	15.00000  
    8.5487   92.1320  11.2146    0.7445   36.3405   342.00000	15.00000  
    8.7198   92.0763  11.2146    0.0380   51.6894   342.00000	15.00000  
    8.8910   92.0206  11.2146    0.3961  131.1396   342.00000	15.00000  
    9.0622   91.9649  11.2146    0.4382  129.2415   342.00000	15.00000  
    9.2334   91.9092  11.2146    0.8196  120.7159   342.00000	15.00000  
    9.4046   91.8535  11.2146    0.6027  105.6062   342.00000	15.00000  
    9.5757   91.7978  11.2146    0.4763   91.9428   342.00000	15.00000  
    3.9699   93.7687  15.3557    0.0000   30.0000   342.00000	15.00000  
    4.1411   93.7130  15.3557    0.0000   30.0000   342.00000	15.00000  
    4.3122   93.6573  15.3557    5.2624  107.5160   342.00000	15.00000  
    4.4834   93.6016  15.3557    6.4435  112.6284   342.00000	15.00000  
    4.6546   93.5459  15.3557    7.4217  115.8202   342.00000	15.00000  
    4.8258   93.4902  15.3557    8.6609  116.4237   342.00000	15.00000  
    4.9969   93.4345  15.3557    9.0340  112.1723   342.00000	15.00000  
    5.1681   93.3788  15.3557    8.5985  113.7462   342.00000	15.00000  
    5.3393   93.3230  15.3557    7.0594   95.9539   342.00000	15.00000  
    5.5105   93.2673  15.3557    5.7635   73.7310   342.00000	15.00000  
    5.6816   93.2116  15.3557    4.4817   85.6167   342.00000	15.00000  
    5.8528   93.1559  15.3557    4.1945  125.4295   342.00000	15.00000  
    6.0240   93.1002  15.3557    4.2869  149.8067   342.00000	15.00000  
    6.1952   93.0445  15.3557    3.6259  149.0201   342.00000	15.00000  
    6.3664   92.9888  15.3557    2.2916  120.8883   342.00000	15.00000  
    6.5375   92.9331  15.3557    2.5778   86.6148   342.00000	15.00000  
    6.7087   92.8774  15.3557    2.8404   85.2787   342.00000	15.00000  
    6.8799   92.8216  15.3557    3.0791   92.1953   342.00000	15.00000  
    7.0511   92.7659  15.3557    4.1570  107.9227   342.00000	15.00000  
    7.2222   92.7102  15.3557    4.7988  104.4523   342.00000	15.00000  
    7.3934   92.6545  15.3557    4.8800   99.7945   342.00000	15.00000  
    7.5646   92.5988  15.3557    4.7028  100.3132   342.00000	15.00000  
    7.7358   92.5431  15.3557    4.9234  100.7081   342.00000	15.00000  
    7.9069   92.4874  15.3557    5.5223   97.9902   342.00000	15.00000  
    8.0781   92.4317  15.3557    5.4736   88.6455   342.00000	15.00000  
    8.2493   92.3760  15.3557    4.3839   88.0131   342.00000	15.00000  
    8.4205   92.3202  15.3557    2.0447   87.9687   342.00000	15.00000  
    8.5916   92.2645  15.3557    0.5843  103.1220   342.00000	15.00000  
    8.7628   92.2088  15.3557    0.5053  147.5486   342.00000	15.00000  
    8.9340   92.1531  15.3557    0.8025  146.6570   342.00000	15.00000  
    9.1052   92.0974  15.3557    1.4504  129.1063   342.00000	15.00000  
    9.2764   92.0417  15.3557    2.1386  120.2590   342.00000	15.00000  
    9.4475   91.9860  15.3557    2.0907  116.5154   342.00000	15.00000  
    9.6187   91.9303  15.3557    1.4521  100.7490   342.00000	15.00000  
    4.0129   93.9012  19.4968    0.0000   30.0000   342.00000	15.00000  
    4.1840   93.8455  19.4968    0.0000   30.0000   342.00000	15.00000  
    4.3552   93.7898  19.4968    5.1822   98.4509   342.00000	15.00000  
    4.5264   93.7341  19.4968    5.4970  116.6468   342.00000	15.00000  
    4.6976   93.6784  19.4968    6.3084  127.0003   342.00000	15.00000  
    4.8687   93.6227  19.4968    7.3092  128.2478   342.00000	15.00000  
    5.0399   93.5670  19.4968    8.0972  126.0234   342.00000	15.00000  
    5.2111   93.5112  19.4968    8.3914  132.9653   342.00000	15.00000  
    5.3823   93.4555  19.4968    7.6210  116.9294   342.00000	15.00000  
    5.5535   93.3998  19.4968    6.8624   99.0130   342.00000	15.00000  
    5.7246   93.3441  19.4968    6.7575  100.5493   342.00000	15.00000  
    5.8958   93.2884  19.4968    6.9385  115.0793   342.00000	15.00000  
    6.0670   93.2327  19.4968    6.2869  125.2211   342.00000	15.00000  
    6.2382   93.1770  19.4968    4.9843  124.4547   342.00000	15.00000  
    6.4093   93.1213  19.4968    3.7840  110.6663   342.00000	15.00000  
    6.5805   93.0656  19.4968    3.8740   89.0048   342.00000	15.00000  
    6.7517   93.0098  19.4968    3.8436   84.5921   342.00000	15.00000  
    6.9229   92.9541  19.4968    3.8375   95.4836   342.00000	15.00000  
    7.0940   92.8984  19.4968    4.5405  107.6913   342.00000	15.00000  
    7.2652   92.8427  19.4968    4.7040  111.3175   342.00000	15.00000  
    7.4364   92.7870  19.4968    4.9585  104.3110   342.00000	15.00000  
    7.6076   92.7313  19.4968    4.8445   99.8403   342.00000	15.00000  
    7.7787   92.6756  19.4968    5.6655  100.3847   342.00000	15.00000  
    7.9499   92.6199  19.4968    6.3167   96.1234   342.00000	15.00000  
    8.1211   92.5642  19.4968    6.1786   96.0710   342.00000	15.00000  
    8.2923   92.5085  19.4968    5.0399  101.6837   342.00000	15.00000  
    8.4635   92.4527  19.4968    3.1149  119.1984   342.00000	15.00000  
    8.6346   92.3970  19.4968    1.8020  136.6645   342.00000	15.00000  
    8.8058   92.3413  19.4968    1.7040  139.2682   342.00000	15.00000  
    8.9770   92.2856  19.4968    2.2518  136.3076   342.00000	15.00000  
    9.1482   92.2299  19.4968    3.1452  124.0545   342.00000	15.00000  
    9.3193   92.1742  19.4968    4.1203  115.2609   342.00000	15.00000  
    9.4905   92.1185  19.4968    3.8842  109.8075   342.00000	15.00000  
    9.6617   92.0628  19.4968    2.7228  106.0258   342.00000	15.00000  
    4.0558   94.0337  23.6379    0.0000   30.0000   342.00000	15.00000  
    4.2270   93.9780  23.6379    0.0000   30.0000   342.00000	15.00000  
    4.3982   93.9223  23.6379    3.2074   92.2083   342.00000	15.00000  
    4.5694   93.8666  23.6379    4.0128  127.9249   342.00000	15.00000  
    4.7405   93.8109  23.6379    4.7185  136.6338   342.00000	15.00000  
    4.9117   93.7552  23.6379    5.4421  131.7739   342.00000	15.00000  
    5.0829   93.6995  23.6379    5.9604  128.4054   342.00000	15.00000  
    5.2541   93.6437  23.6379    7.1410  135.1768   342.00000	15.00000  
    5.4253   93.5880  23.6379    7.9219  121.9694   342.00000	15.00000  
    5.5964   93.5323  23.6379    7.3810  109.7928   342.00000	15.00000  
    5.7676   93.4766  23.6379    7.7522  104.8428   342.00000	15.00000  
    5.9388   93.4209  23.6379    8.5489  112.7873   342.00000	15.00000  
    6.1100   93.3652  23.6379    8.6095  112.6732   342.00000	15.00000  
    6.2811   93.3095  23.6379    7.3687  108.4010   342.00000	15.00000  
    6.4523   93.2538  23.6379    6.3623   99.1765   342.00000	15.00000  
    6.6235   93.1981  23.6379    5.6784   92.9539   342.00000	15.00000  
    6.7947   93.1423  23.6379    5.1567   91.2682   342.00000	15.00000  
    6.9658   93.0866  23.6379    4.9069  108.0506   342.00000	15.00000  
    7.1370   93.0309  23.6379    5.1451  121.2920   342.00000	15.00000  
    7.3082   92.9752  23.6379    4.8388  123.2078   342.00000	15.00000  
    7.4794   92.9195  23.6379    4.8901  116.2173   342.00000	15.00000  
    7.6505   92.8638  23.6379    4.8020  111.6339   342.00000	15.00000  
    7.8217   92.8081  23.6379    6.0091  106.9172   342.00000	15.00000  
    7.9929   92.7524  23.6379    6.8030  103.4100   342.00000	15.00000  
    8.1641   92.6967  23.6379    6.6792  106.5916   342.00000	15.00000  
    8.3353   92.6409  23.6379    5.9182  110.8867   342.00000	15.00000  
    8.5064   92.5852  23.6379    4.6895  122.6680   342.00000	15.00000  
    8.6776   92.5295  23.6379    3.6066  132.5658   342.00000	15.00000  
    8.8488   92.4738  23.6379    3.5016  125.2196   342.00000	15.00000  
    9.0200   92.4181  23.6379    4.3455  116.7723   342.00000	15.00000  
    9.1911   92.3624  23.6379    5.2683  105.9634   342.00000	15.00000  
    9.3623   92.3067  23.6379    6.2047  106.3559   342.00000	15.00000  
    9.5335   92.2510  23.6379    5.6066  107.4709   342.00000	15.00000  
    9.7047   92.1953  23.6379    3.7889  106.6852   342.00000	15.00000  
    4.0988   94.1662  27.7790    0.0000   30.0000   342.00000	15.00000  
    4.2700   94.1105  27.7790    0.0000   30.0000   342.00000	15.00000  
    4.4412   94.0548  27.7790    0.0000   30.0000   342.00000	15.00000  
    4.6123   93.9991  27.7790    4.0873  130.1102   342.00000	15.00000  
    4.7835   93.9434  27.7790    4.2122  135.3772   342.00000	15.00000  
    4.9547   93.8877  27.7790    3.8686  106.3398   342.00000	15.00000  
    5.1259   93.8319  27.7790    4.1328   83.7176   342.00000	15.00000  
    5.2971   93.7762  27.7790    4.5481  111.0918   342.00000	15.00000  
    5.4682   93.7205  27.7790    6.0271  115.3274   342.00000	15.00000  
    5.6394   93.6648  27.7790    6.4255  108.0037   342.00000	15.00000  
    5.8106   93.6091  27.7790    7.9265  103.7776   342.00000	15.00000  
    5.9818   93.5534  27.7790    9.4612  109.1599   342.00000	15.00000  
    6.1529   93.4977  27.7790   10.0109  106.6267   342.00000	15.00000  
    6.3241   93.4420  27.7790    9.6055  101.8117   342.00000	15.00000  
    6.4953   93.3863  27.7790    8.5979   97.3440   342.00000	15.00000  
    6.6665   93.3305  27.7790    7.4875   97.6929   342.00000	15.00000  
    6.8376   93.2748  27.7790    6.8677  101.9125   342.00000	15.00000  
    7.0088   93.2191  27.7790    5.5639  116.6997   342.00000	15.00000  
    7.1800   93.1634  27.7790    4.9099  133.6335   342.00000	15.00000  
    7.3512   93.1077  27.7790    4.8912  127.0057   342.00000	15.00000  
    7.5223   93.0520  27.7790    4.7551  122.6233   342.00000	15.00000  
    7.6935   92.9963  27.7790    4.7569  120.8913   342.00000	15.00000  
    7.8647   92.9406  27.7790    5.5283  117.3805   342.00000	15.00000  
    8.0359   92.8849  27.7790    6.2490  112.1952   342.00000	15.00000  
    8.2071   92.8292  27.7790    7.0351  111.9845   342.00000	15.00000  
    8.3782   92.7734  27.7790    6.9796  115.7411   342.00000	15.00000  
    8.5494   92.7177  27.7790    6.5326  121.3943   342.00000	15.00000  
    8.7206   92.6620  27.7790    5.9647  123.0992   342.00000	15.00000  
    8.8918   92.6063  27.7790    5.4092  118.9226   342.00000	15.00000  
    9.0629   92.5506  27.7790    6.0542  107.7475   342.00000	15.00000  
    9.2341   92.4949  27.7790    7.2120  101.2819   342.00000	15.00000  
    9.4053   92.4392  27.7790    7.9715  103.2050   342.00000	15.00000  
    9.5765   92.3835  27.7790    7.0523  106.4695   342.00000	15.00000  
    9.7476   92.3278  27.7790    4.9192  107.9647   342.00000	15.00000  
    4.1418   94.2987  31.9201    0.0000   30.0000   342.00000	15.00000  
    4.3130   94.2430  31.9201    0.0000   30.0000   342.00000	15.00000  
    4.4842   94.1873  31.9201    0.0000   30.0000   342.00000	15.00000  
    4.6553   94.1316  31.9201    3.5832  144.0070   342.00000	15.00000  
    4.8265   94.0759  31.9201    4.9008  143.4933   342.00000	15.00000  
    4.9977   94.0202  31.9201    3.4915  108.1459   342.00000	15.00000  
    5.1689   93.9644  31.9201    3.7651   63.3651   342.00000	15.00000  
    5.3400   93.9087  31.9201    3.2232   78.4514   342.00000	15.00000  
    5.5112   93.8530  31.9201    4.2915  101.0865   342.00000	15.00000  
    5.6824   93.7973  31.9201    5.0060  105.8512   342.00000	15.00000  
    5.8536   93.7416  31.9201    6.4663  105.0575   342.00000	15.00000  
    6.0247   93.6859  31.9201    8.8316  108.5217   342.00000	15.00000  
    6.1959   93.6302  31.9201    9.9021  109.2247   342.00000	15.00000  
    6.3671   93.5745  31.9201    9.8078  106.0932   342.00000	15.00000  
    6.5383   93.5188  31.9201    8.7036  100.0568   342.00000	15.00000  
    6.7094   93.4630  31.9201    7.2547  105.9676   342.00000	15.00000  
    6.8806   93.4073  31.9201    7.1748  116.3954   342.00000	15.00000  
    7.0518   93.3516  31.9201    5.7395  128.2834   342.00000	15.00000  
    7.2230   93.2959  31.9201    4.8521  142.8061   342.00000	15.00000  
    7.3942   93.2402  31.9201    4.7931  134.7009   342.00000	15.00000  
    7.5653   93.1845  31.9201    3.9538  132.7943   342.00000	15.00000  
    7.7365   93.1288  31.9201    4.0744  128.3768   342.00000	15.00000  
    7.9077   93.0731  31.9201    4.4846  131.9629   342.00000	15.00000  
    8.0789   93.0174  31.9201    5.3570  125.1588   342.00000	15.00000  
    8.2500   92.9616  31.9201    6.7579  116.6218   342.00000	15.00000  
    8.4212   92.9059  31.9201    7.7644  117.9695   342.00000	15.00000  
    8.5924   92.8502  31.9201    8.0044  117.5914   342.00000	15.00000  
    8.7636   92.7945  31.9201    7.5964  117.5050   342.00000	15.00000  
    8.9347   92.7388  31.9201    6.9947  113.4380   342.00000	15.00000  
    9.1059   92.6831  31.9201    7.2183  104.7442   342.00000	15.00000  
    9.2771   92.6274  31.9201    8.1605  101.7190   342.00000	15.00000  
    9.4483   92.5717  31.9201    8.9697  103.3860   342.00000	15.00000  
    9.6194   92.5160  31.9201    8.2611  108.1510   342.00000	15.00000  
    9.7906   92.4602  31.9201    5.5090  110.4016   342.00000	15.00000  
    4.1848   94.4312  36.0612    0.0000   30.0000   342.00000	15.00000  
    4.3560   94.3755  36.0612    0.0000   30.0000   342.00000	15.00000  
    4.5271   94.3198  36.0612    0.0000   30.0000   342.00000	15.00000  
    4.6983   94.2641  36.0612    0.0000   30.0000   342.00000	15.00000  
    4.8695   94.2084  36.0612    5.7630  129.2866   342.00000	15.00000  
    5.0407   94.1526  36.0612    3.8671  126.4285   342.00000	15.00000  
    5.2118   94.0969  36.0612    2.5346   77.3275   342.00000	15.00000  
    5.3830   94.0412  36.0612    2.3312   63.9378   342.00000	15.00000  
    5.5542   93.9855  36.0612    3.2115   90.0373   342.00000	15.00000  
    5.7254   93.9298  36.0612    4.2712  102.4959   342.00000	15.00000  
    5.8965   93.8741  36.0612    5.0688  103.5698   342.00000	15.00000  
    6.0677   93.8184  36.0612    6.8890  106.7890   342.00000	15.00000  
    6.2389   93.7627  36.0612    8.5261  110.8202   342.00000	15.00000  
    6.4101   93.7070  36.0612    8.2751  108.3667   342.00000	15.00000  
    6.5812   93.6513  36.0612    7.1234  107.9941   342.00000	15.00000  
    6.7524   93.5955  36.0612    6.1707  119.2080   342.00000	15.00000  
    6.9236   93.5398  36.0612    6.3189  128.5041   342.00000	15.00000  
    7.0948   93.4841  36.0612    5.1077  141.3549   342.00000	15.00000  
    7.2660   93.4284  36.0612    4.3626  149.1617   342.00000	15.00000  
    7.4371   93.3727  36.0612    3.5995  138.7433   342.00000	15.00000  
    7.6083   93.3170  36.0612    2.9377  130.2233   342.00000	15.00000  
    7.7795   93.2613  36.0612    3.0666  131.6997   342.00000	15.00000  
    7.9507   93.2056  36.0612    3.7422  135.3402   342.00000	15.00000  
    8.1218   93.1499  36.0612    4.4043  130.4385   342.00000	15.00000  
    8.2930   93.0941  36.0612    5.9380  119.9685   342.00000	15.00000  
    8.4642   93.0384  36.0612    7.4997  114.2216   342.00000	15.00000  
    8.6354   92.9827  36.0612    8.2750  112.5122   342.00000	15.00000  
    8.8065   92.9270  36.0612    8.3511  114.5620   342.00000	15.00000  
    8.9777   92.8713  36.0612    7.8068  108.8163   342.00000	15.00000  
    9.1489   92.8156  36.0612    7.8940   99.8497   342.00000	15.00000  
    9.3201   92.7599  36.0612    8.4180   99.2861   342.00000	15.00000  
    9.4912   92.7042  36.0612    9.0107  103.3050   342.00000	15.00000  
    9.6624   92.6485  36.0612    8.3686  109.9350   342.00000	15.00000  
    9.8336   92.5927  36.0612    5.5865  114.3990   342.00000	15.00000  
    4.2278   94.5637  40.2023    0.0000   30.0000   342.00000	15.00000  
    4.3989   94.5080  40.2023    0.0000   30.0000   342.00000	15.00000  
    4.5701   94.4523  40.2023    0.0000   30.0000   342.00000	15.00000  
    4.7413   94.3966  40.2023    0.0000   30.0000   342.00000	15.00000  
    4.9125   94.3409  40.2023    4.8553  109.0847   342.00000	15.00000  
    5.0836   94.2851  40.2023    3.7434  127.0754   342.00000	15.00000  
    5.2548   94.2294  40.2023    2.4956   98.0726   342.00000	15.00000  
    5.4260   94.1737  40.2023    2.9493   63.5905   342.00000	15.00000  
    5.5972   94.1180  40.2023    3.2044   78.7096   342.00000	15.00000  
    5.7683   94.0623  40.2023    3.8142   96.9105   342.00000	15.00000  
    5.9395   94.0066  40.2023    3.9587  104.7056   342.00000	15.00000  
    6.1107   93.9509  40.2023    5.2549  109.0432   342.00000	15.00000  
    6.2819   93.8952  40.2023    5.9084  116.2502   342.00000	15.00000  
    6.4531   93.8395  40.2023    5.5848  118.1056   342.00000	15.00000  
    6.6242   93.7837  40.2023    5.0247  127.3346   342.00000	15.00000  
    6.7954   93.7280  40.2023    4.9507  139.2318   342.00000	15.00000  
    6.9666   93.6723  40.2023    4.9179  142.0181   342.00000	15.00000  
    7.1378   93.6166  40.2023    4.1164  149.5247   342.00000	15.00000  
    7.3089   93.5609  40.2023    3.1211  146.0925   342.00000	15.00000  
    7.4801   93.5052  40.2023    2.3418  113.4526   342.00000	15.00000  
    7.6513   93.4495  40.2023    2.4139   99.8509   342.00000	15.00000  
    7.8225   93.3938  40.2023    2.1015  120.9712   342.00000	15.00000  
    7.9936   93.3381  40.2023    2.5510  138.5262   342.00000	15.00000  
    8.1648   93.2823  40.2023    3.1450  138.9437   342.00000	15.00000  
    8.3360   93.2266  40.2023    4.4043  122.7509   342.00000	15.00000  
    8.5072   93.1709  40.2023    6.2464  112.5085   342.00000	15.00000  
    8.6783   93.1152  40.2023    7.3766  106.9751   342.00000	15.00000  
    8.8495   93.0595  40.2023    7.6490  108.7521   342.00000	15.00000  
    9.0207   93.0038  40.2023    7.4583  106.2305   342.00000	15.00000  
    9.1919   92.9481  40.2023    7.2901   97.5795   342.00000	15.00000  
    9.3631   92.8924  40.2023    7.3056   98.2431   342.00000	15.00000  
    9.5342   92.8367  40.2023    7.7861  107.8633   342.00000	15.00000  
    9.7054   92.7809  40.2023    7.1402  112.2778   342.00000	15.00000  
    9.8766   92.7252  40.2023    4.8907  116.8611   342.00000	15.00000  
    4.2707   94.6962  44.3434    0.0000   30.0000   342.00000	15.00000  
    4.4419   94.6405  44.3434    0.0000   30.0000   342.00000	15.00000  
    4.6131   94.5848  44.3434    0.0000   30.0000   342.00000	15.00000  
    4.7843   94.5291  44.3434    0.0000   30.0000   342.00000	15.00000  
    4.9554   94.4733  44.3434    2.8514   84.3316   342.00000	15.00000  
    5.1266   94.4176  44.3434    2.9078  119.4350   342.00000	15.00000  
    5.2978   94.3619  44.3434    2.8509   96.9340   342.00000	15.00000  
    5.4690   94.3062  44.3434    4.0405   69.7792   342.00000	15.00000  
    5.6401   94.2505  44.3434    3.5638   72.4103   342.00000	15.00000  
    5.8113   94.1948  44.3434    3.4713   90.1723   342.00000	15.00000  
    5.9825   94.1391  44.3434    3.6290  102.6843   342.00000	15.00000  
    6.1537   94.0834  44.3434    3.1750  117.8370   342.00000	15.00000  
    6.3249   94.0277  44.3434    3.6934  129.3251   342.00000	15.00000  
    6.4960   93.9720  44.3434    3.6843  132.4467   342.00000	15.00000  
    6.6672   93.9162  44.3434    3.5049  139.4487   342.00000	15.00000  
    6.8384   93.8605  44.3434    3.8239  143.9690   342.00000	15.00000  
    7.0096   93.8048  44.3434    3.8615  140.2339   342.00000	15.00000  
    7.1807   93.7491  44.3434    2.8149  145.7354   342.00000	15.00000  
    7.3519   93.6934  44.3434    2.1452  126.1493   342.00000	15.00000  
    7.5231   93.6377  44.3434    2.0732   75.4751   342.00000	15.00000  
    7.6943   93.5820  44.3434    2.6181   64.3210   342.00000	15.00000  
    7.8654   93.5263  44.3434    1.3440   78.3255   342.00000	15.00000  
    8.0366   93.4706  44.3434    1.1266  122.0290   342.00000	15.00000  
    8.2078   93.4148  44.3434    1.7247  125.1076   342.00000	15.00000  
    8.3790   93.3591  44.3434    3.1943  116.9635   342.00000	15.00000  
    8.5501   93.3034  44.3434    4.5050  107.4104   342.00000	15.00000  
    8.7213   93.2477  44.3434    5.2183  101.9085   342.00000	15.00000  
    8.8925   93.1920  44.3434    5.3125  101.8737   342.00000	15.00000  
    9.0637   93.1363  44.3434    5.1082  102.2140   342.00000	15.00000  
    9.2349   93.0806  44.3434    4.9081   95.4862   342.00000	15.00000  
    9.4060   93.0249  44.3434    4.6859   95.5125   342.00000	15.00000  
    9.5772   92.9692  44.3434    4.7534  111.0866   342.00000	15.00000  
    9.7484   92.9134  44.3434    4.8883  119.3222   342.00000	15.00000  
    9.9196   92.8577  44.3434    3.6239  125.7717   342.00000	15.00000  
    4.3137   94.8287  48.4845    0.0000   30.0000   342.00000	15.00000  
    4.4849   94.7730  48.4845    0.0000   30.0000   342.00000	15.00000  
    4.6561   94.7173  48.4845    0.0000   30.0000   342.00000	15.00000  
    4.8272   94.6616  48.4845    0.0000   30.0000   342.00000	15.00000  
    4.9984   94.6058  48.4845    0.0000   30.0000   342.00000	15.00000  
    5.1696   94.5501  48.4845    1.6538   85.7862   342.00000	15.00000  
    5.3408   94.4944  48.4845    1.3154   88.3368   342.00000	15.00000  
    5.5119   94.4387  48.4845    1.9697   60.8099   342.00000	15.00000  
    5.6831   94.3830  48.4845    1.9014   66.7739   342.00000	15.00000  
    5.8543   94.3273  48.4845    1.9467   95.6317   342.00000	15.00000  
    6.0255   94.2716  48.4845    1.9791  107.4488   342.00000	15.00000  
    6.1967   94.2159  48.4845    1.6011  119.0351   342.00000	15.00000  
    6.3678   94.1602  48.4845    1.9976  147.8175   342.00000	15.00000  
    6.5390   94.1044  48.4845    1.9275  133.6567   342.00000	15.00000  
    6.7102   94.0487  48.4845    1.9473  130.8777   342.00000	15.00000  
    6.8814   93.9930  48.4845    1.9819  128.5797   342.00000	15.00000  
    7.0525   93.9373  48.4845    1.9154  130.3274   342.00000	15.00000  
    7.2237   93.8816  48.4845    1.5884  148.5674   342.00000	15.00000  
    7.3949   93.8259  48.4845    1.0296  109.2033   342.00000	15.00000  
    7.5661   93.7702  48.4845    1.7197   54.9146   342.00000	15.00000  
    7.7372   93.7145  48.4845    1.9152   47.6174   342.00000	15.00000  
    7.9084   93.6588  48.4845    1.3639   60.4651   342.00000	15.00000  
    8.0796   93.6030  48.4845    0.7150   56.9172   342.00000	15.00000  
    8.2508   93.5473  48.4845    0.8342   71.4303   342.00000	15.00000  
    8.4219   93.4916  48.4845    1.4852   91.6986   342.00000	15.00000  
    8.5931   93.4359  48.4845    1.9103   86.5390   342.00000	15.00000  
    8.7643   93.3802  48.4845    1.9076   89.4054   342.00000	15.00000  
    8.9355   93.3245  48.4845    1.9715   93.3075   342.00000	15.00000  
    9.1067   93.2688  48.4845    1.9785   97.2993   342.00000	15.00000  
    9.2778   93.2131  48.4845    1.9342   89.3868   342.00000	15.00000  
    9.4490   93.1574  48.4845    1.9406   92.3593   342.00000	15.00000  
    9.6202   93.1016  48.4845    1.8434  112.2191   342.00000	15.00000  
    9.7914   93.0459  48.4845    1.9829  123.7116   342.00000	15.00000  
    9.9625   92.9902  48.4845    1.8738  125.9581   342.00000	15.00000
